{
  "advancedEditorSelectedIdentifier" : "ProjectBrowser",
  "openSceneRelativePaths" : [
    "Scene.usda"
  ],
  "recentIdentifiers" : {
    "26DBAE76-5DD8-47B6-A085-1B4ADA111097" : [

    ]
  },
  "sceneCameraHistory" : {
    "26DBAE76-5DD8-47B6-A085-1B4ADA111097" : [
      {
        "date" : 749329116.493452,
        "title" : "Untitled",
        "transform" : [
          -0.77391654,
          1.2817706e-08,
          0.63328755,
          0,
          0.25861079,
          0.91282,
          0.31603837,
          0,
          -0.57807755,
          0.4083623,
          -0.70644647,
          0,
          -4.039303,
          3.238529,
          -1.3781295,
          1
        ]
      },
      {
        "date" : 749324091.612301,
        "title" : "Untitled",
        "transform" : [
          -0.5033225,
          1.4866544e-08,
          0.86409867,
          0,
          0.5254827,
          0.7938389,
          0.30608457,
          0,
          -0.6859552,
          0.60812813,
          -0.39955696,
          0,
          -3.8269472,
          3.419434,
          -0.52974457,
          1
        ]
      },
      {
        "date" : 749324087.534533,
        "title" : "Untitled",
        "transform" : [
          -0.99667674,
          1.7002487e-08,
          -0.08145925,
          0,
          -0.054342616,
          0.7449555,
          0.6648972,
          0,
          0.060683478,
          0.6671142,
          -0.7424798,
          0,
          -1.5797924,
          4.302752,
          -2.8623555,
          1
        ]
      },
      {
        "date" : 749254736.869368,
        "title" : "Untitled",
        "transform" : [
          -0.99667674,
          1.7002487e-08,
          -0.08145925,
          0,
          -0.054342616,
          0.7449555,
          0.6648972,
          0,
          0.060683478,
          0.6671142,
          -0.7424798,
          0,
          -0.20512472,
          3.82727,
          -3.1772196,
          1
        ]
      },
      {
        "date" : 749253571.75998,
        "title" : "Untitled",
        "transform" : [
          -0.96560913,
          1.6374605e-08,
          0.25999862,
          0,
          0.03000763,
          0.9933175,
          0.11144532,
          0,
          -0.25826117,
          0.11541449,
          -0.9591563,
          0,
          -1.6272812,
          1.3871379,
          -4.261794,
          1
        ]
      },
      {
        "date" : 749253526.797783,
        "title" : "Untitled",
        "transform" : [
          -0.9585439,
          2.5451506e-08,
          0.28494504,
          0,
          0.1423947,
          0.8661831,
          0.47901013,
          0,
          -0.24681456,
          0.49972686,
          -0.83027446,
          0,
          -1.4745868,
          3.072558,
          -3.3346765,
          1
        ]
      },
      {
        "date" : 749252682.990742,
        "title" : "Untitled",
        "transform" : [
          -0.93484646,
          2.5745837e-08,
          0.3550522,
          0,
          0.2619612,
          0.67500806,
          0.68973947,
          0,
          -0.23966311,
          0.7378104,
          -0.6310289,
          0,
          -2.2049336,
          6.233406,
          -3.710373,
          1
        ]
      },
      {
        "date" : 749252681.291086,
        "title" : "Untitled",
        "transform" : [
          -0.9706654,
          2.5750108e-08,
          -0.24043442,
          0,
          -0.11898726,
          0.8689588,
          0.48036724,
          0,
          0.20892759,
          0.49488446,
          -0.8434682,
          0,
          1.5849854,
          4.1810455,
          -5.505173,
          1
        ]
      },
      {
        "date" : 749249983.511978,
        "title" : "Untitled",
        "transform" : [
          -0.9706654,
          2.5750108e-08,
          -0.24043442,
          0,
          -0.11898726,
          0.8689588,
          0.48036724,
          0,
          0.20892759,
          0.49488446,
          -0.8434682,
          0,
          11.910579,
          40.13226,
          -71.13135,
          1
        ]
      },
      {
        "date" : 749249927.344202,
        "title" : "Untitled",
        "transform" : [
          -0.9815523,
          2.3481942e-08,
          0.19119363,
          0,
          0.029147323,
          0.9883113,
          0.14963688,
          0,
          -0.18895887,
          0.1524492,
          -0.97007936,
          0,
          -5.971848,
          24.720924,
          -77.80064,
          1
        ]
      }
    ]
  }
}