{
  "advancedEditorSelectedIdentifier" : "ProjectBrowser",
  "openSceneRelativePaths" : [
    "Scene.usda"
  ],
  "recentIdentifiers" : {
    "26DBAE76-5DD8-47B6-A085-1B4ADA111097" : [

    ]
  },
  "sceneCameraHistory" : {
    "26DBAE76-5DD8-47B6-A085-1B4ADA111097" : [
      {
        "date" : 749252682.990742,
        "title" : "Untitled",
        "transform" : [
          -0.93484646,
          2.5745837e-08,
          0.3550522,
          0,
          0.2619612,
          0.67500806,
          0.68973947,
          0,
          -0.23966311,
          0.7378104,
          -0.6310289,
          0,
          -2.2049336,
          6.233406,
          -3.710373,
          1
        ]
      },
      {
        "date" : 749252681.291086,
        "title" : "Untitled",
        "transform" : [
          -0.9706654,
          2.5750108e-08,
          -0.24043442,
          0,
          -0.11898726,
          0.8689588,
          0.48036724,
          0,
          0.20892759,
          0.49488446,
          -0.8434682,
          0,
          1.5849854,
          4.1810455,
          -5.505173,
          1
        ]
      },
      {
        "date" : 749249983.511978,
        "title" : "Untitled",
        "transform" : [
          -0.9706654,
          2.5750108e-08,
          -0.24043442,
          0,
          -0.11898726,
          0.8689588,
          0.48036724,
          0,
          0.20892759,
          0.49488446,
          -0.8434682,
          0,
          11.910579,
          40.13226,
          -71.13135,
          1
        ]
      },
      {
        "date" : 749249927.344202,
        "title" : "Untitled",
        "transform" : [
          -0.9815523,
          2.3481942e-08,
          0.19119363,
          0,
          0.029147323,
          0.9883113,
          0.14963688,
          0,
          -0.18895887,
          0.1524492,
          -0.97007936,
          0,
          -5.971848,
          24.720924,
          -77.80064,
          1
        ]
      },
      {
        "date" : 749249915.234301,
        "title" : "Untitled",
        "transform" : [
          -0.79430413,
          1.4106233e-08,
          0.6075203,
          0,
          0.47292024,
          0.62771463,
          0.61832094,
          0,
          -0.38134944,
          0.7784436,
          -0.49859637,
          0,
          -25.116264,
          76.391914,
          -46.140675,
          1
        ]
      },
      {
        "date" : 749249898.040638,
        "title" : "Untitled",
        "transform" : [
          -0.99332285,
          1.0041383e-08,
          0.11536803,
          0,
          0.083892755,
          0.68645203,
          0.72231954,
          0,
          -0.07919461,
          0.727175,
          -0.6818685,
          0,
          2.065834,
          71.90198,
          -60.409943,
          1
        ]
      },
      {
        "date" : 749249890.350841,
        "title" : "Untitled",
        "transform" : [
          -0.93096465,
          1.04292734e-08,
          0.36510918,
          0,
          0.3606749,
          0.15537979,
          0.91965795,
          0,
          -0.056730583,
          0.9878548,
          -0.1446531,
          0,
          -3.9370213,
          98.73787,
          -38.408756,
          1
        ]
      },
      {
        "date" : 749249886.541215,
        "title" : "Untitled",
        "transform" : [
          -0.9989467,
          2.5405926e-09,
          0.045885704,
          0,
          0.019735813,
          0.90277755,
          0.42965484,
          0,
          -0.041424595,
          0.43010783,
          -0.90182674,
          0,
          5.965808,
          48.175053,
          -67.06553,
          1
        ]
      },
      {
        "date" : 749249881.641277,
        "title" : "Untitled",
        "transform" : [
          0.99691916,
          -1.5740556e-09,
          0.07843667,
          0,
          0.023005972,
          0.95601857,
          -0.29240265,
          0,
          -0.074986935,
          0.29330635,
          0.95307314,
          0,
          -14.739231,
          37.887962,
          72.121216,
          1
        ]
      },
      {
        "date" : 749222072.427452,
        "title" : "Untitled",
        "transform" : [
          0.99691916,
          -1.5740556e-09,
          0.07843667,
          0,
          0.02300597,
          0.95601845,
          -0.29240263,
          0,
          -0.074986935,
          0.29330635,
          0.95307314,
          0,
          -6.0899124,
          24.464117,
          76.9329,
          1
        ]
      }
    ]
  }
}